No.	Time Stamp	Volts AN	Volts BN	Volts CN	Volts LN Average	Volts AB	Volts BC	Volts CA	Volts LL Average	I A	I B	I C	I Average	Watt A	Watt B	Watt C	Watt Total	VAR A	VAR B	VAR C	VAR Total	VA A	VA B	VA C	VA Total	Pwr Factor A	Pwr Factor B	Pwr Factor C	Pwr Factor Total	Dmd Watt Total	Dmd VAR Total	Dmd VA Total	Dmd I A	Dmd I B	Dmd I C	Ep_imp	Ep_exp	Eq_imp	Eq_exp	Ep_total	Ep_net	Eq_total	Eq_net	Es
6586	2019-02-13 05:59:00	118.37	118.68	117.23	118.10	205.78	203.37	204.16	204.44	16.607	11.302	12.796	13.568	-1.00664	1.28255	1.49079	1.76670	1.67318	0.29884	-0.16283	1.80919	1.96531	1.33694	1.50688	4.80914	-0.512	0.959	0.989	0.367	1.77342	1.84048	4.88471	16.987	11.276	13.134	340.1	0.0	351.2	0.0	340.1	340.1	351.2	351.2	940.7
6587	2019-02-13 06:04:00	118.12	118.36	117.16	117.88	205.15	202.95	203.87	203.99	19.505	13.333	14.937	15.925	-1.17464	1.49698	1.71787	2.04020	1.91906	0.33468	-0.18239	2.07135	2.26667	1.55301	1.73798	5.55766	-0.518	0.964	0.988	0.367	1.88361	1.91831	5.11535	17.672	12.080	13.677	340.2	0.0	351.3	0.0	340.2	340.2	351.3	351.3	941.1
6588	2019-02-13 06:09:00	118.17	118.32	116.78	117.76	205.16	202.44	203.88	203.83	20.989	14.416	16.093	17.166	-1.26630	1.60603	1.81927	2.15899	2.03100	0.33512	-0.18268	2.18345	2.41271	1.66148	1.84045	5.91464	-0.525	0.967	0.988	0.365	2.02879	2.05830	5.51816	19.080	13.070	14.739	340.4	0.0	351.5	0.0	340.4	340.4	351.5	351.5	941.6
6589	2019-02-13 06:14:00	118.51	118.79	117.01	118.10	206.02	202.94	204.03	204.33	20.155	13.938	15.798	16.631	-1.22303	1.59232	1.80196	2.17124	2.02564	0.36491	-0.19938	2.19117	2.38485	1.65371	1.82470	5.86326	-0.513	0.963	0.988	0.370	2.17163	2.18689	5.88063	20.281	14.110	15.692	340.6	0.0	351.7	0.0	340.6	340.6	351.7	351.7	942.1
6590	2019-02-13 06:19:00	118.36	118.67	117.02	118.02	205.77	203.06	204.06	204.29	18.980	13.181	14.715	15.625	-1.17748	1.52967	1.74336	2.09555	1.96073	0.35063	-0.19813	2.11323	2.30555	1.58967	1.76612	5.66134	-0.511	0.962	0.987	0.370	2.18869	2.19404	5.91329	20.327	14.133	15.726	340.8	0.0	351.9	0.0	340.8	340.8	351.9	351.9	942.6
6591	2019-02-13 06:24:00	118.25	118.46	116.71	117.81	205.42	202.41	203.65	203.83	20.695	14.168	15.956	16.939	-1.27940	1.63178	1.85710	2.20949	2.08084	0.37041	-0.19052	2.26073	2.46174	1.69351	1.87901	6.03426	-0.520	0.964	0.988	0.366	2.19415	2.19251	5.89866	20.227	14.175	15.680	341.0	0.0	352.1	0.0	341.0	341.0	352.1	352.1	943.1
6592	2019-02-13 06:29:00	118.31	118.57	116.64	117.84	205.58	202.34	203.67	203.86	20.557	14.280	15.887	16.908	-1.21952	1.60314	1.79203	2.17565	2.02450	0.33258	-0.20677	2.15031	2.38267	1.65824	1.81604	5.85694	-0.512	0.967	0.987	0.371	2.18103	2.21505	5.93706	20.505	13.976	15.862	341.2	0.0	352.3	0.0	341.2	341.2	352.3	352.3	943.6
6593	2019-02-13 06:34:00	118.33	118.63	116.81	117.92	205.62	202.76	203.95	204.11	19.115	13.113	14.832	15.687	-1.16218	1.51665	1.72489	2.07936	1.95027	0.32720	-0.20247	2.07499	2.28855	1.57268	1.74798	5.60921	-0.508	0.964	0.987	0.371	2.20887	2.22186	5.99006	20.675	14.281	16.008	341.3	0.0	352.4	0.0	341.3	341.3	352.4	352.4	944.1
6594	2019-02-13 06:39:00	118.20	118.44	116.88	117.84	205.44	202.80	203.75	204.00	20.790	14.497	15.999	17.096	-1.22456	1.61726	1.80605	2.19874	2.03340	0.34456	-0.20529	2.17267	2.39311	1.67384	1.83023	5.89718	-0.512	0.966	0.987	0.373	2.18519	2.19485	5.92698	20.498	14.065	15.870	341.5	0.0	352.6	0.0	341.5	341.5	352.6	352.6	944.6
6595	2019-02-13 06:44:00	118.33	118.68	117.05	118.02	205.78	203.03	204.01	204.27	20.562	13.953	15.997	16.837	-1.25094	1.58145	1.83444	2.16496	2.05943	0.34326	-0.19109	2.21161	2.42816	1.63886	1.85587	5.92289	-0.515	0.965	0.988	0.366	2.18187	2.19157	5.90463	20.418	14.007	15.824	341.7	0.0	352.8	0.0	341.7	341.7	352.8	352.8	945.1
6596	2019-02-13 06:49:00	118.04	118.15	116.76	117.65	204.69	202.47	203.47	203.54	22.048	15.516	17.091	18.219	-1.35762	1.64803	1.89251	2.18292	2.07602	0.39296	-0.14450	2.32447	2.50996	1.72251	1.91737	6.14984	-0.541	0.957	0.987	0.355	2.14870	2.19922	5.88847	20.486	13.739	15.843	341.9	0.0	353.0	0.0	341.9	341.9	353.0	353.0	945.6
6597	2019-02-13 06:54:00	117.92	118.01	116.96	117.63	204.80	202.58	203.51	203.63	21.323	15.235	16.760	17.773	-1.31082	1.74614	1.93269	2.36800	2.15229	0.43825	-0.21794	2.37261	2.53710	1.81775	1.95588	6.31073	-0.517	0.961	0.988	0.375	2.19094	2.25246	6.00800	20.809	14.184	16.098	342.1	0.0	353.2	0.0	342.1	342.1	353.2	353.2	946.1
6598	2019-02-13 06:59:00	118.18	118.71	117.11	118.00	205.50	203.14	203.73	204.12	19.228	13.821	14.976	16.008	-1.14193	1.55791	1.71023	2.12621	1.92605	0.36061	-0.20832	2.07834	2.25734	1.61827	1.73451	5.61013	-0.506	0.963	0.986	0.379	2.20724	2.21828	5.97011	20.520	14.401	15.884	342.3	0.0	353.4	0.0	342.3	342.3	353.4	353.4	946.6
6599	2019-02-13 07:04:00	118.17	118.39	116.80	117.78	205.26	202.76	203.68	203.90	19.695	14.275	15.091	16.354	-1.16866	1.61015	1.73323	2.17472	1.95948	0.33461	-0.21409	2.08001	2.29991	1.66381	1.75842	5.72214	-0.508	0.968	0.986	0.380	2.23073	2.20287	5.95798	20.360	14.555	15.772	342.4	0.0	353.6	0.0	342.4	342.4	353.6	353.6	947.1
6600	2019-02-13 07:09:00	118.00	118.36	116.55	117.64	205.25	202.20	203.25	203.57	20.088	14.179	15.545	16.604	-1.21024	1.63189	1.77824	2.19989	2.00683	0.33362	-0.21470	2.12575	2.36276	1.68618	1.80343	5.85237	-0.512	0.968	0.986	0.376	2.20713	2.15866	5.88048	20.159	14.257	15.596	342.6	0.0	353.7	0.0	342.6	342.6	353.7	353.7	947.6
6601	2019-02-13 07:14:00	117.99	118.58	116.91	117.83	205.47	202.93	203.66	204.02	21.078	13.777	16.461	17.105	-1.27670	1.58783	1.88899	2.20012	2.12761	0.33886	-0.20184	2.26463	2.49831	1.64306	1.91064	6.05200	-0.511	0.966	0.989	0.364	2.20452	2.16703	5.90223	20.291	14.184	15.686	342.8	0.0	353.9	0.0	342.8	342.8	353.9	353.9	948.1
6602	2019-02-13 07:19:00	118.02	118.64	116.81	117.82	205.40	202.85	203.37	203.87	19.130	13.725	14.939	15.931	-1.15957	1.60917	1.73353	2.18312	1.95689	0.35495	-0.21287	2.09898	2.29328	1.66750	1.75868	5.71946	-0.506	0.965	0.986	0.382	2.23767	2.16986	5.93136	20.246	14.489	15.666	343.0	0.0	354.1	0.0	343.0	343.0	354.1	354.1	948.6
6603	2019-02-13 07:24:00	118.22	118.41	116.69	117.77	205.58	202.50	203.60	203.89	19.612	14.166	15.262	16.346	-1.15974	1.57834	1.71880	2.13740	1.94350	0.33865	-0.20718	2.07498	2.28129	1.63424	1.74281	5.65834	-0.508	0.966	0.986	0.378	2.25458	2.18046	5.95389	20.302	14.595	15.717	343.2	0.0	354.3	0.0	343.2	343.2	354.3	354.3	949.1
6604	2019-02-13 07:29:00	118.19	118.36	116.42	117.66	205.30	202.02	203.27	203.53	20.827	14.465	16.089	17.127	-1.27526	1.62332	1.83322	2.18128	2.06026	0.33111	-0.18739	2.20399	2.44127	1.67754	1.85458	5.97338	-0.522	0.968	0.988	0.365	2.24567	2.19454	5.97742	20.442	14.575	15.816	343.4	0.0	354.5	0.0	343.4	343.4	354.5	354.5	949.6
6605	2019-02-13 07:34:00	118.13	118.28	116.57	117.66	205.11	202.40	203.54	203.68	20.515	14.847	15.778	17.047	-1.21799	1.65602	1.77704	2.21507	1.99825	0.35444	-0.20566	2.14703	2.35925	1.71380	1.80113	5.87418	-0.516	0.966	0.987	0.377	2.20980	2.20562	5.97536	20.608	14.255	15.923	343.6	0.0	354.6	0.0	343.6	343.6	354.6	354.6	950.1
6606	2019-02-13 07:39:00	117.94	117.70	116.35	117.33	204.46	201.79	203.37	203.21	19.050	15.622	14.957	16.543	-1.17357	1.80356	1.71269	2.34268	1.92103	0.36756	-0.22018	2.06841	2.26880	1.85811	1.73824	5.86516	-0.517	0.971	0.985	0.399	2.21392	2.17505	5.92259	20.270	14.422	15.689	343.7	0.0	354.8	0.0	343.7	343.7	354.8	354.8	950.5
6607	2019-02-13 07:44:00	118.14	118.25	116.35	117.58	205.12	201.81	203.31	203.42	20.970	14.439	16.155	17.188	-1.19261	1.56633	1.77731	2.15103	2.01842	0.34476	-0.21808	2.14511	2.36010	1.62389	1.80041	5.78440	-0.505	0.965	0.987	0.372	2.23032	2.13768	5.86457	19.885	14.650	15.423	343.9	0.0	355.0	0.0	343.9	343.9	355.0	355.0	951.0
6608	2019-02-13 07:49:00	118.22	118.87	117.18	118.09	205.75	203.13	203.98	204.29	21.954	13.766	16.914	17.544	-1.28078	1.52986	1.90369	2.15278	2.15790	0.31985	-0.21637	2.26138	2.52553	1.58357	1.92605	6.03516	-0.507	0.966	0.988	0.357	2.25636	2.16971	5.95038	20.294	14.752	15.734	344.1	0.0	355.2	0.0	344.1	344.1	355.2	355.2	951.5
6609	2019-02-13 07:54:00	117.88	118.35	116.51	117.58	204.70	202.23	203.26	203.39	23.838	16.271	18.368	19.493	-1.46909	1.58354	2.13393	2.24838	2.40333	0.32281	-0.19232	2.53381	2.83213	1.63568	2.15210	6.61991	-0.519	0.968	0.992	0.340	2.27438	2.31801	6.23776	21.809	14.529	16.845	344.3	0.0	355.4	0.0	344.3	344.3	355.4	355.4	952.1
6610	2019-02-13 07:59:00	117.76	117.91	116.65	117.44	204.18	202.47	203.24	203.30	22.469	15.846	17.475	18.597	-1.40520	1.82319	2.01870	2.43670	2.25114	0.34396	-0.19500	2.40010	2.67111	1.87192	2.03916	6.58219	-0.526	0.974	0.990	0.370	2.34081	2.47226	6.57645	23.313	14.729	17.962	344.5	0.0	355.6	0.0	344.5	344.5	355.6	355.6	952.6
6611	2019-02-13 08:04:00	117.88	118.05	116.36	117.43	204.53	202.05	203.22	203.27	23.247	15.595	17.902	18.915	-1.46659	1.80491	2.12946	2.46778	2.40335	0.32027	-0.21893	2.50469	2.83166	1.85048	2.15090	6.83304	-0.518	0.975	0.990	0.361	2.39196	2.49878	6.68946	23.607	15.145	18.207	344.7	0.0	355.8	0.0	344.7	344.7	355.8	355.8	953.2
6612	2019-02-13 08:09:00	117.96	118.35	116.32	117.54	204.77	202.05	203.17	203.33	25.906	16.295	20.007	20.736	-1.58042	1.86511	2.29772	2.58241	2.59499	0.36342	-0.22263	2.73578	3.05545	1.91793	2.31922	7.29260	-0.517	0.972	0.991	0.354	2.45964	2.49363	6.75549	23.587	15.710	18.204	344.9	0.0	356.0	0.0	344.9	344.9	356.0	356.0	953.8
6613	2019-02-13 08:14:00	117.91	118.44	116.36	117.57	204.88	202.11	203.34	203.44	27.957	15.223	21.468	21.549	-1.70870	1.74728	2.49012	2.52870	2.80730	0.40538	-0.21026	3.00243	3.30267	1.81281	2.50862	7.62410	-0.517	0.964	0.993	0.332	2.46548	2.58258	6.90431	24.411	15.584	18.828	345.1	0.0	356.3	0.0	345.1	345.1	356.3	356.3	954.4
6614	2019-02-13 08:19:00	117.75	118.12	116.34	117.40	204.54	201.97	202.99	203.17	26.187	18.648	20.221	21.686	-1.63731	2.16186	2.33602	2.86058	2.61993	0.35611	-0.23244	2.74360	3.10666	2.20675	2.35803	7.67144	-0.527	0.980	0.991	0.373	2.49993	2.72831	7.17558	25.713	15.624	19.808	345.3	0.0	356.5	0.0	345.3	345.3	356.5	356.5	955.0
6615	2019-02-13 08:24:00	117.70	118.01	116.46	117.39	204.41	201.91	203.12	203.15	25.769	18.901	19.792	21.487	-1.54347	2.13602	2.22795	2.82050	2.50836	0.32810	-0.26070	2.57576	2.96201	2.17768	2.25343	7.39313	-0.521	0.981	0.989	0.382	2.67411	2.77758	7.48190	26.414	17.043	20.350	345.6	0.0	356.7	0.0	345.6	345.6	356.7	356.7	955.6
6616	2019-02-13 08:29:00	117.93	117.84	116.26	117.34	204.17	201.63	203.27	203.02	27.422	18.067	21.075	22.188	-1.70001	2.10686	2.45039	2.85724	2.76865	0.32679	-0.24806	2.84738	3.26617	2.14976	2.47334	7.88927	-0.520	0.980	0.991	0.362	2.83749	2.77733	7.70044	26.715	18.350	20.552	345.8	0.0	356.9	0.0	345.8	345.8	356.9	356.9	956.3
6617	2019-02-13 08:34:00	117.88	117.77	116.18	117.27	204.06	201.66	202.94	202.89	28.643	20.772	21.981	23.799	-1.75471	2.37589	2.49604	3.11721	2.80991	0.34333	-0.25696	2.89627	3.33122	2.41768	2.52017	8.26907	-0.527	0.983	0.990	0.377	2.99858	2.78982	7.92668	27.093	19.648	20.820	346.1	0.0	357.2	0.0	346.1	346.1	357.2	357.2	957.0
6618	2019-02-13 08:39:00	117.42	118.02	116.32	117.25	204.20	201.66	202.57	202.81	29.370	18.859	22.380	23.536	-1.80664	2.15378	2.57807	2.92520	2.89800	0.34933	-0.24798	2.99935	3.43415	2.20292	2.60154	8.23861	-0.526	0.978	0.991	0.355	3.01849	2.88368	8.11036	28.008	19.659	21.483	346.3	0.0	357.4	0.0	346.3	346.3	357.4	357.4	957.7
6619	2019-02-13 08:44:00	117.61	117.99	116.62	117.41	203.95	201.86	202.51	202.78	28.928	21.297	22.183	24.136	-1.80208	2.44615	2.55610	3.20017	2.85970	0.38123	-0.26458	2.97635	3.40211	2.49797	2.58332	8.48340	-0.530	0.979	0.989	0.377	3.06482	2.92566	8.22938	28.351	20.114	21.744	346.6	0.0	357.7	0.0	346.6	346.6	357.7	357.7	958.3
6620	2019-02-13 08:49:00	117.48	117.91	116.09	117.16	203.94	201.39	202.50	202.61	29.809	20.956	22.816	24.527	-1.84686	2.39465	2.62700	3.17479	2.95989	0.38509	-0.28435	3.06064	3.50947	2.44958	2.65494	8.61399	-0.526	0.978	0.989	0.369	3.12934	2.98879	8.42547	28.994	20.762	22.196	346.9	0.0	357.9	0.0	346.9	346.9	357.9	357.9	959.1
6621	2019-02-13 08:54:00	117.49	117.70	116.03	117.07	203.92	201.23	202.62	202.59	29.567	21.358	22.701	24.542	-1.85324	2.52112	2.63378	3.30166	2.96622	0.36935	-0.28615	3.04942	3.51790	2.57046	2.66175	8.75011	-0.527	0.981	0.989	0.377	3.19517	3.03196	8.58139	29.476	21.279	22.579	347.1	0.0	358.2	0.0	347.1	347.1	358.2	358.2	959.8
6622	2019-02-13 08:59:00	117.55	117.96	115.89	117.13	204.64	201.20	202.63	202.82	31.466	21.056	24.122	25.548	-1.94888	2.50148	2.77676	3.32936	3.12641	0.44765	-0.29016	3.28390	3.70582	2.56361	2.80502	9.07445	-0.526	0.976	0.990	0.367	3.26205	3.08799	8.76817	30.176	21.663	23.090	347.4	0.0	358.4	0.0	347.4	347.4	358.4	358.4	960.5
6623	2019-02-13 09:04:00	117.35	117.82	116.25	117.14	204.39	201.64	202.65	202.89	28.911	21.722	22.107	24.247	-1.82103	2.53419	2.56651	3.27967	2.88183	0.35705	-0.27859	2.96028	3.43045	2.58197	2.59517	8.60759	-0.531	0.981	0.989	0.381	3.26877	3.16485	8.91444	31.016	21.361	23.731	347.7	0.0	358.7	0.0	347.7	347.7	358.7	358.7	961.3
6624	2019-02-13 09:09:00	117.38	118.16	116.35	117.30	204.43	201.85	202.66	202.98	29.975	20.691	22.907	24.524	-1.83530	2.41439	2.66656	3.24566	3.01585	0.36766	-0.30677	3.07674	3.55303	2.46509	2.69800	8.71612	-0.517	0.979	0.988	0.372	3.22869	3.12418	8.79785	30.647	20.970	23.444	347.9	0.0	359.0	0.0	347.9	347.9	359.0	359.0	962.0
6625	2019-02-13 09:14:00	117.17	117.76	116.68	117.20	203.87	201.81	202.61	202.76	28.178	20.028	21.687	23.298	-1.75496	2.32541	2.51258	3.08302	2.81775	0.36198	-0.28593	2.89380	3.34069	2.37613	2.54168	8.25850	-0.525	0.979	0.989	0.373	3.19462	3.07843	8.67578	30.214	20.693	23.128	348.2	0.0	359.2	0.0	348.2	348.2	359.2	359.2	962.7
6626	2019-02-13 09:19:00	117.46	117.84	116.26	117.18	203.84	201.62	202.51	202.66	32.538	24.079	24.836	27.151	-2.11508	2.76045	2.86986	3.51523	3.14413	0.47807	-0.21102	3.41118	3.80877	2.82284	2.88923	9.52084	-0.555	0.978	0.993	0.369	3.29965	3.00685	8.64146	29.390	21.811	22.547	348.5	0.0	359.5	0.0	348.5	348.5	359.5	359.5	963.5
6627	2019-02-13 09:24:00	117.32	117.90	116.58	117.27	204.10	202.18	202.60	202.96	28.898	21.704	22.229	24.277	-1.80728	2.53214	2.56243	3.28728	2.85323	0.41356	-0.26709	2.99970	3.39814	2.58915	2.58886	8.57615	-0.532	0.978	0.990	0.383	3.35518	3.00467	8.69214	29.251	22.478	22.421	348.8	0.0	359.7	0.0	348.8	348.8	359.7	359.7	964.2
6628	2019-02-13 09:29:00	117.05	117.83	116.28	117.05	203.89	201.74	202.42	202.68	29.745	20.054	22.853	24.217	-1.83776	2.35427	2.65829	3.17479	2.99154	0.38201	-0.29769	3.07586	3.53136	2.40941	2.68737	8.62814	-0.520	0.977	0.989	0.368	3.36494	3.02823	8.73887	29.423	22.537	22.544	349.1	0.0	360.0	0.0	349.1	349.1	360.0	360.0	964.9
6629	2019-02-13 09:34:00	117.20	117.74	116.48	117.14	203.95	201.93	202.59	202.82	28.804	19.977	21.885	23.556	-1.77245	2.31319	2.52748	3.06822	2.84458	0.33675	-0.28232	2.89901	3.37268	2.36165	2.55594	8.29028	-0.526	0.979	0.989	0.370	3.24054	3.01345	8.59740	29.400	21.475	22.494	349.3	0.0	360.2	0.0	349.3	349.3	360.2	360.2	965.6
6630	2019-02-13 09:39:00	117.24	118.16	116.58	117.33	204.45	201.94	202.47	202.95	31.173	22.332	23.635	25.714	-1.87450	2.54780	2.70455	3.37785	3.04873	0.37102	-0.31375	3.10599	3.60001	2.59690	2.73533	8.93225	-0.521	0.981	0.989	0.378	3.20265	3.02539	8.57733	29.628	20.914	22.672	349.6	0.0	360.5	0.0	349.6	349.6	360.5	360.5	966.3
6631	2019-02-13 09:44:00	117.33	118.00	116.21	117.18	204.03	201.51	202.53	202.69	31.892	22.078	24.437	26.136	-1.95588	2.53665	2.79511	3.37588	3.14619	0.36653	-0.30053	3.21220	3.72500	2.58513	2.82322	9.13335	-0.525	0.981	0.990	0.370	3.25915	3.06041	8.71544	30.060	21.367	23.010	349.9	0.0	360.7	0.0	349.9	349.9	360.7	360.7	967.1
6632	2019-02-13 09:49:00	117.43	117.65	116.52	117.20	203.88	201.90	202.73	202.84	28.972	22.200	22.105	24.426	-1.83992	2.64804	2.55388	3.36200	2.83747	0.36202	-0.26041	2.93908	3.40431	2.69521	2.58084	8.68036	-0.540	0.983	0.990	0.387	3.31223	3.05559	8.77759	30.116	21.773	23.044	350.1	0.0	361.0	0.0	350.1	350.1	361.0	361.0	967.8
6633	2019-02-13 09:54:00	117.08	117.39	115.95	116.81	203.38	200.88	201.83	202.03	30.778	22.958	23.562	25.766	-1.89393	2.64003	2.69863	3.44473	3.03431	0.38324	-0.29917	3.11838	3.60048	2.69061	2.72950	9.02059	-0.526	0.981	0.989	0.382	3.36768	3.07594	8.87822	30.327	22.270	23.206	350.4	0.0	361.2	0.0	350.4	350.4	361.2	361.2	968.5
6634	2019-02-13 09:59:00	117.51	117.70	116.60	117.27	203.93	201.80	202.88	202.87	28.143	21.661	21.557	23.787	-1.74843	2.51474	2.48792	3.25423	2.79381	0.37087	-0.29515	2.86953	3.31904	2.56594	2.51954	8.40453	-0.527	0.980	0.987	0.387	3.40706	3.06828	8.90375	30.261	22.627	23.152	350.7	0.0	361.5	0.0	350.7	350.7	361.5	361.5	969.3
6635	2019-02-13 10:04:00	117.36	117.39	116.04	116.93	203.70	201.08	202.56	202.45	177.71	137.08	135.71	150.17	-10.8274	15.6182	15.2330	20.0238	17.1004	2.42406	-1.79478	17.7297	20.3777	15.9382	15.4220	51.7379	-0.531	0.980	0.988	0.387	20.5370	18.2444	53.1159	179.23	137.50	137.20	351.2	0.0	361.9	0.0	351.2	351.2	361.9	361.9	970.6
