No.	Time Stamp	Volts AN	Volts BN	Volts CN	Volts LN Average	Volts AB	Volts BC	Volts CA	Volts LL Average	I A	I B	I C	I Average	Watt A	Watt B	Watt C	Watt Total	VAR A	VAR B	VAR C	VAR Total	VA A	VA B	VA C	VA Total	Pwr Factor A	Pwr Factor B	Pwr Factor C	Pwr Factor Total	Dmd Watt Total	Dmd VAR Total	Dmd VA Total	Dmd I A	Dmd I B	Dmd I C	Ep_imp	Ep_exp	Eq_imp	Eq_exp	Ep_total	Ep_net	Eq_total	Eq_net	Es
8852	2019-02-15 05:40:00	118.04	119.01	118.85	118.63	204.81	205.87	205.30	205.33	11.454	9.9382	11.121	10.838	1.26860	1.12131	1.28567	3.67557	0.47070	0.25175	0.31274	1.03519	1.38817	1.19782	1.36228	3.94827	0.914	0.936	0.944	0.931	3.47142	0.99950	3.74030	11.313	9.5008	10.767	651.4	0.0	138.9	0.0	651.4	651.4	138.9	138.9	677.9
8853	2019-02-15 05:45:00	117.84	118.90	118.90	118.55	204.56	205.82	205.22	205.20	11.203	9.4252	10.861	10.496	1.20034	1.04983	1.20892	3.45909	0.46730	0.23522	0.32122	1.02374	1.31995	1.12116	1.28770	3.72881	0.909	0.936	0.939	0.928	3.52952	1.01161	3.79621	11.456	9.7519	10.893	651.7	0.0	139.0	0.0	651.7	651.7	139.0	139.0	678.2
8854	2019-02-15 05:50:00	117.63	118.84	118.97	118.48	204.16	205.94	205.16	205.09	11.468	8.9559	11.331	10.585	1.21749	0.96922	1.28461	3.47132	0.46290	0.23445	0.28165	0.97901	1.33554	1.04749	1.35223	3.73526	0.912	0.925	0.950	0.929	3.50244	0.99951	3.76680	11.323	9.5885	10.915	652.0	0.0	139.1	0.0	652.0	652.0	139.1	139.1	678.5
8855	2019-02-15 05:55:00	117.51	118.89	119.07	118.49	204.03	206.12	205.24	205.13	11.561	8.2645	11.490	10.439	1.24652	0.89257	1.29154	3.43064	0.49007	0.23435	0.32302	1.04744	1.37200	0.97743	1.36847	3.71791	0.909	0.913	0.944	0.923	3.46916	1.00424	3.73856	11.377	9.0926	11.115	652.2	0.0	139.2	0.0	652.2	652.2	139.2	139.2	678.8
8856	2019-02-15 06:00:00	117.73	118.91	118.86	118.50	204.34	205.82	205.19	205.12	12.511	9.6941	10.897	11.034	1.37684	1.08311	1.21914	3.67909	0.44043	0.24019	0.31945	1.00006	1.47425	1.15357	1.29724	3.92506	0.934	0.939	0.940	0.937	3.44874	1.00647	3.72101	11.241	9.0263	11.151	652.5	0.0	139.3	0.0	652.5	652.5	139.3	139.3	679.1
8857	2019-02-15 06:05:00	117.43	118.96	119.14	118.51	204.11	206.32	205.10	205.18	12.053	11.677	11.301	11.677	1.28219	1.32833	1.27228	3.88280	0.47699	0.24436	0.31475	1.03610	1.40084	1.38970	1.34861	4.13914	0.915	0.956	0.943	0.938	3.45204	1.01489	3.72415	11.289	9.0533	11.126	652.8	0.0	139.3	0.0	652.8	652.8	139.3	139.3	679.4
8858	2019-02-15 06:10:00	117.77	118.94	119.01	118.57	204.34	205.81	205.13	205.09	11.772	10.053	11.367	11.064	1.26231	1.12228	1.27889	3.66348	0.48851	0.25121	0.32206	1.06178	1.38735	1.19639	1.35693	3.94067	0.910	0.938	0.942	0.930	3.53248	1.02548	3.80121	11.430	9.6840	10.996	653.1	0.0	139.4	0.0	653.1	653.1	139.4	139.4	679.8
8859	2019-02-15 06:15:00	117.95	119.22	118.92	118.70	204.77	206.38	205.32	205.49	11.290	9.1008	11.080	10.490	1.21500	0.99235	1.23466	3.44201	0.44597	0.27318	0.33177	1.05092	1.32789	1.08025	1.31688	3.72502	0.915	0.919	0.938	0.924	3.56693	1.04261	3.83746	11.591	9.8564	10.932	653.4	0.0	139.5	0.0	653.4	653.4	139.5	139.5	680.1
8860	2019-02-15 06:20:00	117.84	118.99	118.81	118.54	204.59	205.91	204.95	205.15	10.754	10.175	11.165	10.698	1.15756	1.14150	1.24699	3.54605	0.43313	0.26937	0.35315	1.05565	1.26913	1.21515	1.33109	3.81537	0.912	0.939	0.937	0.929	3.54729	1.05553	3.82348	11.544	9.6909	11.032	653.7	0.0	139.6	0.0	653.7	653.7	139.6	139.6	680.4
8861	2019-02-15 06:25:00	117.80	118.87	118.97	118.55	204.43	205.90	205.30	205.21	11.387	10.198	10.901	10.829	1.24259	1.16591	1.24266	3.65116	0.48502	0.27647	0.31041	1.07189	1.36683	1.24152	1.31840	3.92675	0.909	0.939	0.943	0.930	3.56025	1.07505	3.83982	11.356	9.8865	11.182	654.0	0.0	139.7	0.0	654.0	654.0	139.7	139.7	680.7
8862	2019-02-15 06:30:00	117.91	118.93	118.87	118.57	204.56	206.04	205.11	205.24	11.356	11.648	10.962	11.322	1.22171	1.29272	1.21392	3.72835	0.44673	0.35233	0.32493	1.12399	1.33695	1.38175	1.29747	4.01617	0.914	0.936	0.936	0.928	3.61474	1.08012	3.89211	11.395	10.323	11.153	654.3	0.0	139.8	0.0	654.3	654.3	139.8	139.8	681.0
8863	2019-02-15 06:35:00	117.63	118.63	118.90	118.39	204.30	205.77	205.00	205.02	11.255	10.815	10.286	10.785	1.21061	1.19809	1.14617	3.55487	0.45640	0.32936	0.30247	1.08823	1.32459	1.27977	1.22251	3.82687	0.914	0.936	0.938	0.929	3.69199	1.09704	3.96824	11.500	11.033	10.981	654.6	0.0	139.9	0.0	654.6	654.6	139.9	139.9	681.4
8864	2019-02-15 06:40:00	117.80	118.75	119.03	118.53	204.40	205.93	205.21	205.18	10.982	9.6458	11.384	10.671	1.18763	1.04215	1.25932	3.48910	0.43612	0.33219	0.33846	1.10677	1.29729	1.13797	1.33917	3.77443	0.915	0.916	0.940	0.924	3.65959	1.10790	3.93994	11.615	10.788	10.844	654.9	0.0	140.0	0.0	654.9	654.9	140.0	140.0	681.7
8865	2019-02-15 06:45:00	117.65	119.02	119.01	118.56	204.44	206.28	205.04	205.25	10.618	11.184	11.262	11.021	1.15223	1.24637	1.25088	3.64948	0.41990	0.33289	0.35341	1.10620	1.25978	1.32968	1.33708	3.92653	0.915	0.937	0.936	0.929	3.56143	1.09938	3.84170	11.227	10.411	10.839	655.2	0.0	140.1	0.0	655.2	655.2	140.1	140.1	682.0
8866	2019-02-15 06:50:00	117.50	119.11	118.93	118.52	204.27	206.13	204.98	205.13	11.227	11.512	11.631	11.457	1.21332	1.29406	1.30080	3.80818	0.46196	0.27717	0.34862	1.08776	1.33468	1.36373	1.38784	4.08626	0.909	0.949	0.937	0.932	3.55990	1.09764	3.83941	11.025	10.405	10.998	655.5	0.0	140.2	0.0	655.5	655.5	140.2	140.2	682.3
8867	2019-02-15 06:55:00	117.54	118.98	119.19	118.57	204.41	206.04	205.47	205.31	11.657	10.353	11.142	11.051	1.25777	1.16231	1.25358	3.67366	0.45185	0.27116	0.29426	1.01728	1.36749	1.23371	1.32325	3.92445	0.920	0.942	0.947	0.936	3.62973	1.07729	3.90026	11.204	10.653	11.154	655.9	0.0	140.2	0.0	655.9	655.9	140.2	140.2	682.7
8868	2019-02-15 07:00:00	117.49	118.93	118.99	118.47	204.09	206.08	205.10	205.09	10.814	10.458	11.296	10.856	1.14607	1.17111	1.24012	3.55730	0.41646	0.27056	0.34862	1.03564	1.25302	1.24316	1.32510	3.82129	0.915	0.942	0.936	0.931	3.71977	1.06513	3.98438	11.456	10.940	11.304	656.2	0.0	140.3	0.0	656.2	656.2	140.3	140.3	683.0
8869	2019-02-15 07:05:00	117.37	118.83	119.00	118.40	203.87	206.03	204.93	204.94	11.440	10.217	11.046	10.901	1.40136	1.13906	1.23167	3.77208	0.44131	0.29034	0.34779	1.07944	1.49639	1.21643	1.31676	4.02958	0.936	0.936	0.935	0.936	3.74302	1.07748	4.00865	11.860	10.755	11.312	656.5	0.0	140.4	0.0	656.5	656.5	140.4	140.4	683.3
8870	2019-02-15 07:10:00	117.31	119.08	119.13	118.51	203.89	206.44	204.75	205.02	13.175	12.929	12.127	12.744	1.29434	1.31987	1.25109	3.86531	0.43562	0.28403	0.28167	1.00132	1.39246	1.38576	1.31790	4.09612	0.930	0.952	0.949	0.944	3.70286	1.07343	3.96657	11.678	10.615	11.263	656.8	0.0	140.5	0.0	656.8	656.8	140.5	140.5	683.7
8871	2019-02-15 07:15:00	117.36	118.63	119.26	118.42	203.85	205.69	205.22	204.92	12.352	12.019	10.569	11.647	1.34591	1.35710	1.15888	3.86190	0.45584	0.29467	0.28876	1.03928	1.44972	1.42406	1.23531	4.10909	0.928	0.953	0.938	0.940	3.77096	1.06657	4.02803	11.981	10.974	11.132	657.1	0.0	140.6	0.0	657.1	657.1	140.6	140.6	684.0
8872	2019-02-15 07:20:00	117.65	118.73	118.93	118.43	204.33	205.75	204.99	205.02	11.633	12.862	11.201	11.899	1.27226	1.46290	1.25530	3.99046	0.41443	0.30060	0.35015	1.06518	1.36890	1.52802	1.34153	4.23845	0.929	0.957	0.936	0.941	3.84042	1.04272	4.08761	11.969	11.559	11.070	657.4	0.0	140.7	0.0	657.4	657.4	140.7	140.7	684.4
8873	2019-02-15 07:25:00	117.55	118.75	118.97	118.43	204.35	205.75	204.93	205.01	12.031	11.467	11.187	11.562	1.31738	1.29080	1.25731	3.86549	0.43490	0.25914	0.27652	0.97055	1.41705	1.35527	1.32520	4.09752	0.930	0.952	0.949	0.943	3.95852	1.04040	4.20253	12.308	12.203	11.041	657.8	0.0	140.8	0.0	657.8	657.8	140.8	140.8	684.7
8874	2019-02-15 07:30:00	117.31	118.76	119.04	118.37	203.77	205.98	205.07	204.94	11.898	9.8669	10.881	10.882	1.28750	1.09904	1.20605	3.59260	0.43720	0.25354	0.31816	1.00890	1.38965	1.17189	1.28767	3.84921	0.926	0.938	0.937	0.933	3.92734	1.03201	4.17387	12.397	11.736	11.167	658.1	0.0	140.9	0.0	658.1	658.1	140.9	140.9	685.0
8875	2019-02-15 07:35:00	117.31	118.62	118.62	118.18	203.65	205.30	204.52	204.49	12.143	9.4264	10.943	10.837	1.33272	1.05786	1.22555	3.61612	0.43627	0.24653	0.32563	1.00844	1.43109	1.12845	1.30508	3.86462	0.931	0.937	0.939	0.936	3.81877	1.01198	4.06452	12.417	10.809	11.113	658.4	0.0	140.9	0.0	658.4	658.4	140.9	140.9	685.4
8876	2019-02-15 07:40:00	117.57	118.84	118.96	118.46	204.25	205.94	205.00	205.07	12.224	11.633	10.791	11.549	1.34021	1.31513	1.21853	3.87387	0.43519	0.28420	0.27260	0.99199	1.43568	1.37891	1.28398	4.09857	0.934	0.954	0.949	0.945	3.76083	1.00393	4.00373	12.272	10.631	10.910	658.7	0.0	141.0	0.0	658.7	658.7	141.0	141.0	685.7
8877	2019-02-15 07:45:00	117.63	118.75	118.73	118.37	204.38	205.48	204.81	204.89	15.871	13.979	11.134	13.661	1.73340	1.55028	1.20124	4.48492	0.45311	0.28878	0.27761	1.01949	1.81222	1.60498	1.26704	4.68424	0.957	0.966	0.948	0.957	4.14663	1.16225	4.41116	13.415	12.261	11.618	659.1	0.0	141.1	0.0	659.1	659.1	141.1	141.1	686.1
8878	2019-02-15 07:50:00	117.57	118.78	118.98	118.45	204.13	205.75	205.07	204.98	13.261	12.114	9.9874	11.788	1.47874	1.37887	1.13311	3.99072	0.40583	0.27895	0.28904	0.97383	1.55632	1.43744	1.20525	4.19901	0.950	0.959	0.940	0.950	4.36654	1.16550	4.61987	13.990	13.546	11.519	659.4	0.0	141.2	0.0	659.4	659.4	141.2	141.2	686.5
8879	2019-02-15 07:55:00	117.47	118.68	118.88	118.34	203.83	205.65	204.90	204.79	15.538	10.571	10.684	12.264	1.59449	1.17877	1.18831	3.96156	0.45210	0.28947	0.30403	1.04560	1.68241	1.25384	1.26588	4.20212	0.948	0.940	0.939	0.943	4.42853	1.16710	4.67923	14.571	13.490	11.500	659.8	0.0	141.3	0.0	659.8	659.8	141.3	141.3	686.8
8880	2019-02-15 08:00:00	117.32	118.66	118.74	118.24	203.93	205.86	204.92	204.90	13.797	10.459	11.383	11.880	1.52387	1.17037	1.27140	3.96564	0.43456	0.29074	0.30446	1.02976	1.61138	1.24467	1.34303	4.19908	0.946	0.940	0.947	0.944	4.10274	1.02129	4.32786	14.006	11.834	10.764	660.1	0.0	141.4	0.0	660.1	660.1	141.4	141.4	687.2
8881	2019-02-15 08:05:00	117.30	118.64	118.73	118.22	203.79	205.27	204.86	204.64	13.848	11.224	10.085	11.719	1.55553	1.26535	1.12381	3.94469	0.40829	0.26976	0.28005	0.95810	1.63364	1.32898	1.19580	4.15842	0.952	0.952	0.940	0.949	4.03299	1.01106	4.26025	14.100	11.156	10.838	660.4	0.0	141.5	0.0	660.4	660.4	141.5	141.5	687.5
8882	2019-02-15 08:10:00	117.22	118.46	118.86	118.18	203.52	205.19	204.92	204.55	14.018	11.386	10.350	11.918	1.52608	1.25666	1.12762	3.91037	0.45155	0.26672	0.27652	0.99479	1.61739	1.31962	1.19880	4.13581	0.944	0.952	0.941	0.945	3.95117	0.98750	4.17461	13.766	11.077	10.570	660.8	0.0	141.5	0.0	660.8	660.8	141.5	141.5	687.9
8883	2019-02-15 08:15:00	117.58	118.86	118.74	118.39	204.26	205.90	204.91	205.02	14.043	11.813	10.604	12.154	1.56635	1.33493	1.18593	4.08721	0.42710	0.30963	0.29799	1.03471	1.64768	1.40387	1.25728	4.30883	0.951	0.951	0.943	0.949	4.00344	0.98849	4.22463	13.880	11.480	10.415	661.1	0.0	141.6	0.0	661.1	661.1	141.6	141.6	688.3
8884	2019-02-15 08:20:00	117.67	118.62	118.81	118.36	204.25	205.38	205.14	204.92	12.686	10.534	10.049	11.090	1.41320	1.17382	1.13450	3.72153	0.41043	0.31571	0.28744	1.01358	1.49915	1.25470	1.20910	3.96295	0.943	0.936	0.938	0.939	3.96570	1.00907	4.19246	13.531	11.610	10.350	661.4	0.0	141.7	0.0	661.4	661.4	141.7	141.7	688.6
8885	2019-02-15 08:25:00	117.82	118.72	118.56	118.37	204.68	205.32	205.01	205.00	14.273	11.121	10.897	12.097	1.69742	1.23795	1.22885	4.16422	0.44921	0.32338	0.28118	1.05378	1.77973	1.31796	1.29728	4.39496	0.954	0.939	0.947	0.947	4.28582	1.19039	4.55075	14.739	12.340	11.441	661.8	0.0	141.8	0.0	661.8	661.8	141.8	141.8	689.0
8886	2019-02-15 08:30:00	117.65	118.60	118.66	118.30	204.48	205.68	204.87	205.01	15.160	13.280	13.880	14.107	1.70123	1.51131	1.59567	4.80821	0.44756	0.29769	0.27928	1.02453	1.78313	1.57259	1.64853	5.00426	0.954	0.961	0.968	0.961	4.40492	1.32645	4.73534	14.975	12.801	12.310	662.2	0.0	141.9	0.0	662.2	662.2	141.9	141.9	689.4
8887	2019-02-15 08:35:00	117.27	118.14	118.70	118.04	203.81	204.98	205.00	204.60	13.974	15.104	10.707	13.262	1.65608	1.72452	1.20164	4.58223	0.43480	0.31671	0.25982	1.01134	1.73553	1.77860	1.26314	4.77728	0.954	0.970	0.951	0.959	4.93307	1.46117	5.27882	16.472	14.698	13.543	662.6	0.0	142.0	0.0	662.6	662.6	142.0	142.0	689.8
8888	2019-02-15 08:40:00	117.41	118.49	118.54	118.14	204.15	205.02	204.80	204.66	20.336	16.310	14.059	16.902	2.32731	1.88637	1.61068	5.82435	0.41699	0.28075	0.32386	1.02160	2.38343	1.93385	1.67163	5.98891	0.976	0.975	0.964	0.973	5.58626	1.60622	5.94285	18.096	17.165	15.124	663.1	0.0	142.1	0.0	663.1	663.1	142.1	142.1	690.3
8889	2019-02-15 08:45:00	117.29	118.43	118.65	118.12	203.91	204.90	204.89	204.57	20.363	15.034	13.235	16.211	2.32690	1.73158	1.53115	5.58963	0.42483	0.26073	0.22215	0.90771	2.38455	1.77653	1.57345	5.73454	0.976	0.975	0.973	0.975	5.98540	1.45586	6.25520	19.653	18.031	15.404	663.5	0.0	142.2	0.0	663.5	663.5	142.2	142.2	690.8
8890	2019-02-15 08:50:00	116.73	117.39	118.08	117.40	202.51	203.63	203.79	203.31	28.682	28.617	25.869	27.723	3.15043	3.18597	2.89889	9.23528	1.15432	1.00410	0.97258	3.13101	3.36922	3.35510	3.07410	9.79841	0.935	0.950	0.943	0.943	5.91657	1.27551	6.14129	19.803	17.164	15.116	664.0	0.0	142.3	0.0	664.0	664.0	142.3	142.3	691.3
8891	2019-02-15 08:55:00	117.63	118.00	118.55	118.06	203.91	204.59	204.63	204.37	16.605	14.928	14.636	15.390	1.91940	1.74457	1.69258	5.35655	0.40955	0.32341	0.32198	1.05494	1.98646	1.80392	1.75467	5.54504	0.966	0.967	0.965	0.966	5.39183	0.96299	5.55375	18.109	15.131	13.841	664.5	0.0	142.4	0.0	664.5	664.5	142.4	142.4	691.8
8892	2019-02-15 09:00:00	117.34	118.04	118.55	117.98	203.62	204.50	204.48	204.20	16.983	18.044	16.865	17.297	1.94269	2.07959	1.95026	5.97253	0.41686	0.31862	0.24736	0.98284	2.00982	2.12723	1.99144	6.12849	0.967	0.978	0.979	0.975	5.54148	1.11445	5.73496	18.012	15.792	14.823	664.9	0.0	142.5	0.0	664.9	664.9	142.5	142.5	692.3
8893	2019-02-15 09:05:00	117.37	118.21	118.48	118.02	203.56	204.76	204.26	204.19	16.833	15.794	14.788	15.805	1.91016	1.81825	1.68613	5.41454	0.43559	0.31159	0.28265	1.02983	1.98059	1.87008	1.73648	5.58716	0.964	0.972	0.971	0.969	5.66281	1.15612	5.86402	17.776	16.653	15.303	665.4	0.0	142.6	0.0	665.4	665.4	142.6	142.6	692.7
8894	2019-02-15 09:10:00	117.62	118.68	118.57	118.29	203.98	205.24	204.46	204.56	17.273	14.130	15.043	15.482	1.95011	1.61433	1.71936	5.28379	0.39061	0.31169	0.31821	1.02051	2.01153	1.67472	1.77678	5.46304	0.969	0.964	0.968	0.967	5.74953	1.16878	5.95132	18.075	16.704	15.625	665.9	0.0	142.7	0.0	665.9	665.9	142.7	142.7	693.2
8895	2019-02-15 09:15:00	117.41	118.59	118.42	118.14	204.07	205.24	204.49	204.60	19.087	14.757	16.238	16.694	2.16802	1.70259	1.88208	5.75269	0.44905	0.26535	0.28238	0.99679	2.23854	1.75110	1.92793	5.91757	0.968	0.972	0.976	0.972	5.52576	1.02051	5.69844	17.423	15.559	15.261	666.3	0.0	142.7	0.0	666.3	666.3	142.7	142.7	693.7
8896	2019-02-15 09:20:00	117.40	118.44	118.59	118.14	203.89	205.42	204.78	204.70	18.619	14.683	14.339	15.880	2.04867	1.69341	1.66726	5.40934	0.41660	0.28759	0.25473	0.95892	2.11257	1.74599	1.71495	5.57352	0.970	0.970	0.972	0.971	5.50264	1.01021	5.67405	18.057	14.673	15.341	666.8	0.0	142.8	0.0	666.8	666.8	142.8	142.8	694.2
8897	2019-02-15 09:25:00	117.58	118.26	118.60	118.15	203.72	204.98	204.98	204.56	21.281	15.888	13.959	17.043	2.46643	1.82006	1.59595	5.88243	0.40001	0.33409	0.27519	1.00929	2.51662	1.87569	1.64867	6.04098	0.980	0.970	0.968	0.974	5.80459	1.15119	6.00078	19.399	15.562	15.944	667.3	0.0	142.9	0.0	667.3	667.3	142.9	142.9	694.7
8898	2019-02-15 09:30:00	117.56	118.36	118.49	118.14	203.87	205.05	204.66	204.53	19.800	13.803	14.442	16.015	2.22822	1.56456	1.65120	5.44398	0.40426	0.32214	0.27853	1.00493	2.28444	1.62641	1.70263	5.61348	0.975	0.962	0.970	0.970	5.89395	1.16404	6.09011	20.193	15.936	15.533	667.8	0.0	143.0	0.0	667.8	667.8	143.0	143.0	695.2
8899	2019-02-15 16:35:00	117.61	118.05	118.33	118.00	203.78	204.40	204.55	204.25	19.875	15.796	14.971	16.881	2.30720	1.80701	1.71922	5.83344	0.40205	0.32938	0.27411	1.00554	2.36213	1.86251	1.76795	5.99260	0.977	0.970	0.972	0.973	5.90766	1.17117	6.10626	20.351	15.886	15.516	668.3	0.0	143.1	0.0	668.3	668.3	143.1	143.1	695.7
8900	2019-02-15 16:40:00	117.35	117.86	118.55	117.92	203.46	204.35	204.75	204.19	20.201	17.982	15.364	17.849	2.24607	1.93421	1.62874	5.80902	0.42071	0.32490	0.25767	1.00328	2.30693	1.98327	1.67606	5.96626	0.974	0.975	0.972	0.974	5.96199	1.16855	6.15808	20.346	16.208	15.651	668.8	0.0	143.2	0.0	668.8	668.8	143.2	143.2	696.2
8901	2019-02-15 09:45:00	117.55	118.18	118.66	118.13	203.89	204.64	204.76	204.43	91.155	85.119	68.641	81.638	10.4369	9.77922	7.84488	28.0610	1.92505	1.53442	1.33879	4.79826	10.7203	10.0165	8.10598	28.8428	0.974	0.976	0.968	0.973	29.7557	5.72431	30.7078	99.487	84.555	76.340	670.9	0.0	143.6	0.0	670.9	670.9	143.6	143.6	698.4
